 2.3748618392834513 1.0802890191320134
 2.9469385998522153 1.8986053782273449
 1.6504850962126822 1.8640326529100799
 3.2705713774415792 2.6910740533516933
 1.168344867128368 -3.0322150866841033
 1.4433269910295234 -1.1253667780399927
 2.8692724939679941 3.363239248455983
 2.695932758962615 1.9037783190712574
 1.4500131534755487 2.07801649831609
 1.6380384602249327 -0.12115980904442264
 1.9789548793740583 1.3904178934944209
 1.1867600715058724 -0.94831877478547055
 2.0014713668189383 -0.32761476494241615
 2.5854860318277941 3.1464462094767454
 2.2316896627415623 1.424679091435632
 2.8512568023625793 3.6954195247111814
 1.6592080552588724 0.086758803226130859
 3.0769639812339284 2.5382524120276475
 3.4477956897300173 2.6038316727072006
 1.5006649957144258 -0.18787278546790231
 3.9128577596811911 3.0603482577413459
 2.4748142136244606 2.8410390483470862
 1.7674087584828106 -0.40529521152479886
 3.0942468254147264 3.5516174105503073
 2.5745933849533889 0.39655205533661464
 1.0021821713479673 1.2032982064114632
 1.8288246417412064 0.27249881027177103
 3.7793025716183157 3.9852922522761767
 3.7475013340983034 3.7052839876602368
 2.6070599740559794 2.1907987853868853
